# Talent spell ids with no Classic Wowhead data - rendered with local tooltips.
# Maintained by tools/gen_custom_spell_tooltips.py
12343
12352
13710
13859
14529
16773
16774
20423
24269
24270
24271
24272
24273
33393
33394
33395
33396
33397
33398
33399
33400
33401
33402
33403
33404
33405
33406
33407
33408
33409
33410
33411
33412
33413
33419
33420
33421
33423
33424
33425
33426
33427
33428
33429
33430
33431
33432
33433
33434
33435
33436
33440
33441
33442
33443
33444
33445
33446
33447
33448
33451
33452
33453
33454
33455
33456
33457
33458
33459
33460
33461
33462
33463
33464
33465
33466
33469
33470
33471
33472
33473
33474
33475
33476
33477
33478
33479
33480
33481
33482
33483
33484
33485
33486
33489
33490
33495
33496
33497
33498
33499
33500
33501
33507
33508
33509
33513
33514
33524
33526
33529
33530
33551
33552
33553
33554
33555
33556
33557
33558
33559
33560
33563
33564
33565
33566
33567
33568
33569
33570
33572
33573
33574
33577
33578
33579
33580
33581
33582
33583
33584
33585
33586
33587
33588
33590
33591
33592
33593
33594
33595
33596
33597
33598
33599
33600
33601
33602
33603
33604
33605
33606
33607
33608
33609
33611
33612
33616
33624
33625
33626
33630
33631
33632
33633
33634
33635
33636
33637
33638
33639
33640
33642
33643
33644
33645
33646
33648
33655
33656
33660
33661
33662
33663
33670
33671
33672
33675
33676
33677
33678
33679
33680
33681
33682
33683
33684
33686
33687
33688
33689
33690
33691
33692
33693
33694
33695
33698
33699
33701
33702
33703
33704
33705
33706
33707
33710
33711
33712
33713
33714
33715
33716
33717
33718
33719
33721
33722
33723
33724
33725
33726
33727
33728
33729
33730
33736
33737
33738
33739
33740
33741
33742
33743
33744
33745
33758
33761
33762
33763
33764
33766
33767
33768
33769
33770
33772
33773
33774
33775
33776
33782
33783
33784
33785
33786
33787
33788
33789
33790
33791
33792
33795
33796
33797
33798
33799
33800
33801
33802
33803
33804
33808
33812
33813
33814
33815
33816
33817
33818
33819
33834
33835
33836
33837
33838
33839
33841
33842
33843
33844
33845
33850
33851
33852
33853
33854
33855
33856
33857
33858
33861
33862
33863
33864
33865
33866
33867
33868
33869
33870
33871
33872
33881
33882
33883
33884
33885
33886
33887
33888
33889
33890
33891
33892
33893
33894
33897
33898
33900
33901
33902
33903
33905
33906
33907
33909
33910
33911
33912
33913
33919
33920
33921
33922
33923
33924
33925
33926
33928
33929
33930
33931
33932
33933
33934
33935
33936
33937
33938
33939
33942
33943
33944
33945
33946
33947
33948
33952
33953
33954
33955
33956
33964
33965
33966
33967
33968
33969
33970
33972
33973
33974
33975
33976
33978
33979
33980
33981
33982
33983
33984
33985
33986
33987
33988
33989
33990
33991
33992
33993
33994
33995
33996
33997
33998
34006
34012
34013
34014
34015
34016
34017
34018
34020
34032
34033
34034
34035
34036
34091
34125
34127
34180
34181
34182
34196
34197
34198
34199
34208
34209
34212
34213
34216
34239
34240
34241
34256
34257
34258
34259
34260
34271
34272
34277
34278
34279
34281
34282
34283
34284
34285
34287
34288
34290
34291
34305
34311
34312
34313
34369
34409
34410
34412
34497
34498
34599
34720
34721
34830
34831
34832
35394
35395
35396
35398
35399
35400
35401
35402
35714
35723
35732
35733
35734
35735
35736
35737
35738
35739
35741
35748
35752
35754
35775
35776
35779
35780
35781
35801
35802
35803
35804
35805
35806
35807
35808
35809
35810
35811
35812
35813
35814
35815
35816
35817
35820
35821
35824
35825
35826
35830
35832
36339
36340
